0.833333333,31,6,6.65,0.138889,3.694444,N
0.480701754,17,294,1.90,1.538462,0.818966,Y
0.636363636,39,23,1.98,0.819672,0.920930,Y
0.463783783,15,1958,1.91,0.645161,0.710037,N
0.636363636,39,23,1.93,0.819672,0.897674,N
0.666666666,43,25,1.99,0.666667,0.929907,N
0.462823275,14,1965,2.90,0.967742,1.074074,Y
0.462823275,14,1965,2.25,0.645161,0.833333,N
0.462823275,14,1965,5.00,0.322581,1.851852,N
0.462823275,14,1965,4.00,0.967742,1.481481,N
0.462823275,14,1965,2.00,0.967742,0.740741,N
0.462823275,14,1965,1.95,1.612903,0.722222,Y
0.462823275,14,1965,2.05,1.612903,0.759259,Y
0.461045891,14,1983,1.62,1.000000,0.600000,Y
0.461045891,14,1983,1.81,3.333333,0.670370,Y
0.461045891,14,1983,1.50,1.000000,0.555556,Y
0.461045891,14,1983,1.60,1.000000,0.592593,N
0.461045891,14,1983,2.00,0.666667,0.740741,Y
0.461045891,14,1983,1.80,3.333333,0.666667,N
0.461045891,14,1983,2.30,1.666667,0.851852,Y
0.461045891,14,1983,17.00,0.333333,6.296296,N
0.461045891,14,1983,6.50,0.333333,2.407407,N
0.461045891,14,1983,2.05,1.000000,0.759259,Y
0.615384615,34,27,1.96,1.016949,0.920188,Y
0.461045891,14,1983,3.60,0.666667,1.333333,N
0.461045891,14,1983,2.25,0.666667,0.833333,Y
0.460800000,14,1984,1.70,0.666667,0.629630,N
0.460800000,14,1984,1.71,0.666667,0.633333,N
0.461087420,14,1985,1.75,0.333333,0.648148,Y
0.615384615,34,27,2.01,0.847458,0.943662,Y
0.615384615,34,27,1.98,0.847458,0.929577,Y
0.615384615,34,27,1.93,1.186441,0.906103,Y
0.615384615,34,27,2.66,0.847458,1.248826,Y
0.460925039,14,1990,1.98,0.645161,0.733333,Y
0.460925039,14,1990,3.30,0.322581,1.222222,N
0.460966542,14,1992,4.50,0.666667,1.666667,N
0.460966542,14,1992,2.20,0.666667,0.814815,Y
0.460966542,14,1992,2.08,0.333333,0.770370,Y
0.460966542,14,1992,2.00,0.333333,0.740741,Y
0.460966542,14,1992,1.85,0.333333,0.685185,Y
0.460966542,14,1992,1.73,0.333333,0.640741,Y
0.460966542,14,1992,1.90,0.666667,0.703704,N
0.462149285,14,1998,2.00,0.333333,0.740741,Y
0.461781760,14,2006,1.60,1.666667,0.594796,Y
0.461781760,14,2006,1.81,1.666667,0.672862,Y
0.461781760,14,2006,1.81,1.666667,0.672862,Y
0.461781760,14,2006,2.00,0.666667,0.743494,Y
0.461781760,14,2006,1.98,0.666667,0.736059,Y
0.461781760,14,2006,2.13,0.666667,0.791822,Y
0.461781760,14,2006,1.83,0.666667,0.680297,Y
0.461781760,14,2006,1.86,1.000000,0.691450,N
0.461781760,14,2006,2.01,1.000000,0.747212,N
0.461781760,14,2006,2.10,0.666667,0.780669,Y
0.462624150,14,2022,1.87,1.000000,0.695167,N
0.462624150,14,2022,1.77,1.666667,0.657993,Y
0.462624150,14,2022,1.84,1.666667,0.684015,N
0.480701754,17,294,1.83,0.923077,0.788793,Y
0.694444444,49,38,1.98,0.892857,0.933962,Y
0.694444444,49,38,2.00,0.892857,0.943396,Y
0.694444444,49,38,1.99,1.071429,0.938679,Y
0.484320557,17,296,2.36,1.230769,1.017241,N
0.556497175,11,363,1.98,1.707317,1.070270,N
0.534482758,7,84,1.66,0.714286,0.860104,Y
0.534482758,7,84,2.02,0.714286,1.046632,N
0.534482758,7,84,1.75,0.714286,0.906736,N
0.534482758,7,84,1.81,0.714286,0.937824,N
0.534482758,7,84,2.14,0.714286,1.108808,N
0.507905138,15,533,1.83,0.454545,0.603960,Y
0.652173913,33,46,2.40,0.277778,1.256545,Y
0.652173913,33,46,1.97,0.555556,1.031414,Y
0.509383378,14,839,2.99,0.689655,1.294372,N
0.509383378,14,839,1.94,0.689655,0.839827,Y
0.509383378,14,839,2.30,1.724138,0.995671,Y
0.508701472,14,841,1.88,1.724138,0.813853,N
0.508701472,14,841,1.98,1.724138,0.857143,N
0.508701472,14,841,4.57,0.689655,1.978355,N
0.508701472,14,841,3.09,0.344828,1.337662,N
0.512621359,16,542,1.20,1.363636,0.398671,Y
0.459551656,13,2171,1.45,1.666667,0.541045,Y
0.459551656,13,2171,1.91,1.666667,0.712687,Y
0.682926829,46,43,2.55,0.909091,1.208531,N
0.682926829,46,43,1.96,0.909091,0.928910,Y
0.682926829,46,43,2.00,0.909091,0.947867,N
0.682926829,46,43,1.94,1.090909,0.919431,Y
0.458960660,13,2179,1.96,1.000000,0.731343,Y
0.458960660,13,2179,1.92,1.666667,0.716418,Y
0.459302325,13,2185,1.60,1.000000,0.594796,N
0.459159014,13,2193,1.50,0.666667,0.559701,N
0.459159014,13,2193,1.72,0.666667,0.641791,Y
0.554929577,10,364,1.88,0.731707,1.016216,Y
0.554929577,10,364,2.17,0.487805,1.172973,N
0.666666666,35,48,1.90,0.857143,0.994764,N
0.666666666,35,48,1.62,0.571429,0.848168,Y
0.512621359,16,542,1.86,0.909091,0.617940,N
0.461720226,13,2242,2.93,1.000000,1.097378,N
0.461720226,13,2242,1.89,1.000000,0.707865,Y
0.461720226,13,2242,1.96,1.000000,0.734082,Y
0.673913043,44,48,1.98,1.090909,0.942857,Y
0.461720226,13,2242,1.94,3.333333,0.726592,Y
0.673913043,44,48,2.05,0.727273,0.976190,Y
0.673913043,44,48,2.39,0.727273,1.138095,N
0.673913043,44,48,1.98,0.727273,0.942857,N
0.673913043,44,48,2.10,0.727273,1.000000,Y
0.460414703,12,2248,1.70,1.000000,0.636704,Y
0.460414703,12,2248,1.92,1.666667,0.719101,Y
0.673913043,44,48,1.94,0.727273,0.923810,N
0.459981167,12,2250,1.99,1.666667,0.745318,N
0.459981167,12,2250,1.85,1.666667,0.692884,Y
0.493506493,2,104,1.95,0.769231,1.005155,N
0.503293807,13,854,1.91,1.724138,0.826840,Y
0.503293807,13,854,2.02,2.068966,0.874459,Y
0.673913043,44,48,1.99,0.727273,0.947619,Y
0.493506493,2,104,1.96,0.769231,1.010309,N
0.714285714,28,8,2.20,1.147541,1.151832,N
0.714285714,28,8,1.83,0.655738,0.958115,Y
0.459548447,12,2252,1.95,0.666667,0.730337,Y
0.539577836,6,1622,1.90,0.357143,0.822511,Y
0.570469798,18,635,2.00,0.222222,0.975610,N
0.570469798,18,635,1.94,0.222222,0.946341,N
0.514824797,9,798,1.86,2.000000,0.853211,Y
0.473988439,8,368,2.14,0.697674,0.839216,Y
0.473988439,8,368,4.88,0.697674,1.913725,N
0.473988439,8,368,2.70,0.930233,1.058824,N
0.539577836,6,1622,1.61,0.178571,0.696970,N
0.510638297,16,544,1.73,2.727273,0.574751,Y
0.460966542,13,2278,1.71,0.333333,0.640449,Y
0.510638297,16,544,1.73,0.454545,0.574751,N
0.510638297,16,544,1.77,1.363636,0.588040,N
0.714285714,28,8,2.45,0.327869,1.282723,Y
0.653846153,40,54,2.44,0.555556,1.161905,N
0.460966542,13,2278,1.89,1.000000,0.707865,N
0.653846153,40,54,1.95,0.925926,0.928571,Y
0.510638297,16,544,2.38,0.454545,0.790698,N
0.510638297,16,544,2.25,0.454545,0.747508,N
0.460966542,13,2278,1.76,1.666667,0.659176,Y
0.654545454,41,57,2.20,0.566038,1.047619,Y
0.462988505,13,2304,2.55,1.000000,0.958647,N
0.540184453,6,1624,1.77,0.178571,0.766234,Y
0.503293807,13,854,2.06,1.379310,0.891775,N
0.481012658,100,107,1.81,0.769231,0.932990,Y
0.503293807,13,854,1.90,0.689655,0.822511,Y
0.503293807,13,854,2.91,1.379310,1.259740,Y
0.503293807,13,854,2.70,1.034483,1.168831,Y
0.503293807,13,854,2.06,1.034483,0.891775,Y
0.503293807,13,854,2.02,1.379310,0.874459,N
0.666666666,16,10,2.38,1.666667,1.226804,Y
0.611764705,29,87,1.97,1.000000,0.947115,N
0.476543209,4,485,3.40,0.714286,1.626794,N
0.476543209,4,485,2.20,0.714286,1.052632,Y
0.476543209,4,485,1.62,1.428571,0.775120,Y
0.476543209,4,485,3.40,0.714286,1.626794,N
0.476543209,4,485,1.48,2.142857,0.708134,N
0.476543209,4,485,2.04,0.714286,0.976077,N
0.628571428,35,35,2.28,0.740741,1.128713,N
0.628571428,35,35,1.75,1.111111,0.866337,N
0.543103448,15,354,2.00,0.606061,0.947867,N
0.543103448,15,354,1.80,0.909091,0.853081,Y
0.543103448,15,354,1.66,1.515152,0.786730,Y
0.591549295,37,75,2.95,0.847458,1.347032,Y
0.671641791,56,70,1.99,0.526316,0.975490,N
0.568296795,16,665,2.04,0.909091,0.995122,N
0.471882640,3,491,1.66,1.428571,0.794258,Y
0.471882640,3,491,1.97,1.428571,0.942584,Y
0.471882640,3,491,3.44,0.714286,1.645933,N
0.568296795,16,665,1.94,0.909091,0.946341,Y
0.486754966,16,311,1.91,1.076923,0.826840,N
0.478747203,3,536,2.13,0.714286,1.024038,N
0.478747203,3,536,2.04,0.714286,0.980769,Y
0.478747203,3,536,2.06,1.428571,0.990385,N
0.501612903,13,654,2.05,1.363636,0.711806,N
0.501612903,13,654,2.89,0.454545,1.003472,N
0.501612903,13,654,1.87,0.454545,0.649306,Y
0.501612903,13,654,1.80,0.454545,0.625000,Y
0.531496062,12,277,2.02,0.526316,0.985366,Y
0.531496062,12,277,1.62,2.105263,0.790244,Y
0.531496062,12,277,1.88,1.578947,0.917073,Y
0.566666666,18,60,1.96,0.800000,0.994924,Y
0.566666666,18,60,2.27,0.800000,1.152284,Y
0.535326086,13,374,1.86,0.909091,0.877358,N
0.661764705,55,71,1.83,0.555556,0.897059,Y
0.377551020,51,106,3.09,0.333333,0.614314,N
0.377551020,51,106,2.88,0.333333,0.572565,N
0.377551020,51,106,3.38,0.333333,0.671968,N
0.486754966,16,311,1.87,1.230769,0.809524,Y
0.500794912,12,665,2.75,0.454545,0.945017,N
0.500794912,12,665,2.81,2.727273,0.965636,N
0.415584415,47,156,7.22,0.689655,2.068768,Y
0.535135135,12,376,1.86,0.909091,0.877358,N
0.535135135,12,376,4.55,0.303030,2.146226,N
0.535135135,12,376,1.81,0.303030,0.853774,Y
0.535135135,12,376,1.83,1.515152,0.863208,Y
0.539682539,11,63,1.79,1.600000,0.908629,N
0.666666666,55,72,1.79,0.555556,0.881773,Y
0.577586206,21,118,1.97,0.600000,0.947115,N
0.474137931,2,554,3.19,0.714286,1.533654,N
0.474137931,2,554,1.94,0.714286,0.932692,Y
0.474137931,2,554,1.94,0.714286,0.932692,Y
0.493044822,9,685,1.70,4.347826,0.584192,Y
0.495370370,11,975,1.97,1.724138,0.852814,Y
0.493044822,9,685,7.00,2.173913,2.405498,N
0.534574468,12,383,2.00,0.909091,0.943396,N
0.520687460,14,1578,1.90,1.000000,0.772358,Y
0.520687460,14,1578,2.30,1.000000,0.934959,Y
0.477900552,8,384,2.44,0.697674,0.964427,Y
0.533156498,12,384,3.50,1.515152,1.650943,Y
0.533156498,12,384,1.64,1.515152,0.773585,N
0.533156498,12,384,2.37,1.515152,1.117925,Y
0.533156498,12,384,1.93,1.515152,0.910377,N
0.597402597,37,81,1.63,1.666667,0.744292,Y
0.676056338,55,74,1.93,0.555556,0.950739,Y
0.449687716,6,4520,2.03,0.930233,0.792969,Y
0.485245901,16,314,5.80,0.307692,2.500000,N
0.496535796,11,977,1.85,1.034483,0.800866,Y
0.531746031,11,385,1.69,2.121212,0.797170,N
0.491577335,9,691,1.80,1.739130,0.618557,N
0.479338842,9,385,1.76,0.930233,0.695652,Y
0.479338842,9,385,1.90,0.930233,0.750988,N
0.602564102,37,82,2.31,0.833333,1.059633,Y
0.575757575,20,135,2.11,0.600000,1.009569,Y
0.531578947,11,387,2.20,0.909091,1.037736,N
0.480083857,3,570,3.40,0.714286,1.634615,N
0.480083857,3,570,1.92,2.142857,0.923077,N
0.480083857,3,570,2.13,0.714286,1.024038,Y
0.480083857,3,570,1.85,0.714286,0.889423,Y
0.519531250,10,826,1.83,1.428571,0.843318,N
0.580882352,21,139,1.88,0.600000,0.903846,N
0.530183727,11,388,1.74,2.121212,0.824645,N
0.530183727,11,388,1.66,0.909091,0.786730,Y
0.607594936,38,83,2.53,0.500000,1.160550,N
0.585714285,22,143,2.01,0.600000,0.966346,N
0.550000000,18,21,1.80,0.555556,0.746888,N
0.550000000,18,21,2.04,0.833333,0.846473,Y
0.550000000,18,21,5.75,0.277778,2.385892,N
0.550000000,18,21,1.77,0.833333,0.734440,N
0.550000000,18,21,1.93,1.111111,0.800830,N
0.550000000,18,21,2.16,2.222222,0.896266,Y
0.550000000,18,21,1.81,1.388889,0.751037,N
0.550000000,18,21,2.57,0.555556,1.066390,Y
0.550000000,18,21,1.83,1.111111,0.759336,Y
0.692307692,30,56,1.96,1.000000,1.000000,N
0.692307692,30,56,2.03,1.000000,1.035714,N
0.692307692,30,56,2.02,1.000000,1.030612,Y
0.408163265,65,51,2.08,0.652174,0.654088,Y
0.692307692,30,56,1.93,1.000000,0.984694,N
0.739130434,42,23,1.98,0.862069,1.064516,N
0.555555555,21,38,2.27,1.010101,1.031818,N
0.739130434,53,25,2.36,1.000000,1.145631,N
0.468468468,30,116,8.00,1.010101,2.312139,Y
0.468468468,30,116,2.05,1.010101,0.592486,Y
0.468468468,30,116,3.41,1.010101,0.985549,N
0.581818181,29,57,1.93,0.625000,1.032086,N
0.581818181,29,57,1.88,0.625000,1.005348,Y
0.581818181,29,57,1.83,3.125000,0.978610,N
0.581818181,29,57,1.85,3.125000,0.989305,N
0.596774193,21,65,1.97,0.833333,1.088398,Y
0.596774193,21,65,1.80,0.416667,0.994475,N
0.400000000,15,46,2.10,1.600000,0.724138,Y
0.400000000,15,46,2.35,1.600000,0.810345,N
0.400000000,15,46,1.68,1.600000,0.579310,N
0.400000000,15,46,2.28,1.600000,0.786207,N
0.400000000,15,46,1.33,1.600000,0.458621,Y
0.400000000,15,46,2.10,1.600000,0.724138,Y
0.488151658,24,215,2.33,1.538462,0.882576,N
0.488151658,24,215,1.95,1.538462,0.738636,Y
0.500000000,20,22,2.07,1.343284,0.862500,Y
0.692307692,30,56,1.81,1.000000,0.923469,Y
0.700000000,40,31,1.92,1.030928,0.994819,N
0.460176991,28,118,2.50,1.010101,0.681199,Y
0.460176991,28,118,2.50,1.010101,0.681199,Y
0.488151658,24,215,6.50,0.461538,2.462121,N
0.488151658,24,215,11.50,0.461538,4.356061,N
0.488151658,24,215,2.00,1.538462,0.757576,Y
0.488151658,24,215,4.20,0.615385,1.590909,N
0.556701030,20,99,1.70,1.142857,0.829268,Y
0.556701030,20,99,1.87,1.142857,0.912195,Y
0.603174603,36,64,9.00,0.476190,3.409091,N
0.603174603,36,64,2.40,0.476190,0.909091,N
0.543478260,6,1774,1.90,0.566038,0.826087,Y
0.543478260,6,1774,1.95,0.377358,0.847826,N
0.523992322,2,549,2.24,1.428571,1.131313,Y
0.708333333,46,26,2.14,1.000000,1.043902,N
0.680000000,41,27,2.62,1.000000,1.265700,N
0.556701030,20,99,3.90,0.857143,1.902439,Y
0.483660130,16,316,1.90,1.076923,0.815451,N
0.483660130,16,316,1.90,1.076923,0.815451,N
0.385964912,50,59,2.09,1.555556,0.683007,N
0.717948717,29,40,2.00,0.370370,1.092896,Y
0.717948717,29,40,1.91,0.370370,1.043716,N
0.717948717,29,40,2.00,0.370370,1.092896,Y
0.647058823,62,18,2.10,0.500000,1.004785,N
0.647058823,62,18,2.11,0.500000,1.009569,N
0.575757575,17,460,2.05,0.512821,1.014851,Y
0.708333333,37,24,2.10,1.206897,1.129032,N
0.717948717,29,40,2.38,0.370370,1.300546,Y
0.666666666,63,19,1.77,1.052632,0.846890,Y
0.520408163,16,215,2.89,1.290323,1.219409,Y
0.520408163,16,215,1.68,3.225806,0.708861,Y
0.567164179,16,70,1.74,1.250000,0.961326,N
0.567164179,16,70,1.76,0.833333,0.972376,N
1.000000000,93,2,5.50,0.200000,2.849741,N
0.650000000,54,21,2.00,0.500000,0.970874,Y
0.740740740,29,30,1.73,1.063830,0.994253,N
0.740740740,29,30,1.69,1.063830,0.971264,Y
0.740740740,29,30,1.92,1.063830,1.103448,Y
0.740740740,29,30,1.62,1.063830,0.931034,Y
0.740740740,29,30,1.49,1.063830,0.856322,Y
0.740740740,29,30,2.06,1.063830,1.183908,Y
1.000000000,93,2,1.80,0.200000,0.932642,Y
0.650000000,54,21,1.95,0.500000,0.946602,N
0.567164179,16,70,1.74,1.250000,0.961326,N
0.567164179,16,70,1.60,0.833333,0.883978,Y
0.567164179,16,70,1.79,0.833333,0.988950,Y
0.567164179,16,70,1.52,1.250000,0.839779,N
0.567164179,16,70,2.00,0.833333,1.104972,Y
0.550000000,18,41,2.21,1.136364,1.018433,Y
0.550000000,18,41,1.95,1.136364,0.898618,Y
0.584415584,27,161,1.95,1.176471,0.955882,Y
0.584415584,27,161,2.43,1.176471,1.191176,N
0.514705882,20,78,2.07,0.833333,0.877119,Y
0.514705882,20,78,2.01,0.833333,0.851695,N
0.563106796,19,106,1.88,0.833333,0.908213,N
0.625000000,26,18,1.93,0.882353,0.955446,N
0.625000000,26,18,1.92,0.882353,0.950495,Y
0.625000000,26,18,1.94,0.882353,0.960396,N
0.625000000,26,18,2.19,0.588235,1.084158,N
0.418918918,19,153,2.50,1.010101,0.673854,N
0.418918918,19,153,2.75,1.010101,0.741240,N
0.418918918,19,153,2.75,1.010101,0.741240,N
0.418918918,19,153,2.50,1.010101,0.673854,N
0.418918918,19,153,3.30,1.010101,0.889488,N
0.418918918,19,153,3.30,1.010101,0.889488,N
0.418918918,19,153,2.05,1.010101,0.552561,N
0.418918918,19,153,2.05,1.010101,0.552561,N
0.418918918,19,153,2.00,1.010101,0.539084,N
0.418918918,19,153,2.00,1.010101,0.539084,N
0.563106796,19,106,1.90,1.111111,0.917874,N
0.563106796,19,106,1.92,0.833333,0.927536,Y
0.563106796,19,106,2.06,0.833333,0.995169,N
0.563106796,19,106,2.05,0.833333,0.990338,N
0.653846153,35,28,2.78,1.000000,1.330144,Y
0.563106796,19,106,2.00,0.833333,0.966184,N
0.563106796,19,106,2.08,0.833333,1.004831,N
0.696969696,47,33,1.83,1.282051,0.924242,N
0.523809523,7,22,2.40,1.081081,1.012658,Y
0.547169811,19,56,2.50,1.000000,1.141553,N
0.547169811,19,56,2.55,1.000000,1.164384,N
0.547169811,19,56,2.31,1.000000,1.054795,Y
0.547169811,19,56,2.60,1.000000,1.187215,N
0.547169811,19,56,2.08,1.000000,0.949772,N
0.547169811,19,56,2.45,1.000000,1.118721,N
0.547169811,19,56,2.54,1.000000,1.159817,N
0.547169811,19,56,2.22,1.000000,1.013699,N
0.547169811,19,56,2.35,1.000000,1.073059,Y
0.547169811,19,56,2.30,1.000000,1.050228,N
0.547169811,19,56,2.30,1.000000,1.050228,N
0.547169811,19,56,2.40,1.000000,1.095890,N
0.563106796,19,106,6.00,0.555556,2.898551,Y
0.600000000,15,268,1.80,0.952381,0.937500,N
0.833333333,111,18,2.00,1.200000,0.833333,Y
0.543062200,20,438,1.70,1.481481,0.769231,Y
0.418918918,19,153,3.40,1.010101,0.916442,N
0.519531250,10,826,1.93,0.857143,0.889401,N
0.418918918,19,153,2.05,1.010101,0.552561,N
0.418918918,19,153,2.00,1.010101,0.539084,Y
0.418918918,19,153,2.45,1.010101,0.660377,Y
0.418918918,19,153,2.45,1.010101,0.660377,Y
0.418918918,19,153,2.95,1.010101,0.795148,Y
0.418918918,19,153,2.95,1.010101,0.795148,Y
0.418918918,19,153,6.75,1.010101,1.819407,N
0.418918918,19,153,2.94,1.010101,0.792453,N
0.418918918,19,153,2.94,1.010101,0.792453,N
0.321576763,18,487,2.87,1.098901,0.788462,Y
0.558823529,31,74,10.50,1.351351,4.285714,N
0.558823529,31,74,2.10,1.351351,0.857143,Y
0.558823529,31,74,1.81,1.351351,0.738776,Y
0.558823529,31,74,5.06,0.405405,2.065306,N
0.558823529,31,74,2.67,0.945946,1.089796,Y
0.558823529,31,74,1.91,1.351351,0.779592,Y
0.558823529,31,74,1.97,1.351351,0.804082,Y
0.558823529,31,74,1.97,1.351351,0.804082,Y
0.523809523,7,22,2.00,0.810811,0.843882,Y
0.418918918,19,153,5.40,1.010101,1.455526,N
0.418918918,19,153,3.30,1.010101,0.889488,Y
0.418918918,19,153,3.30,1.010101,0.889488,Y
0.418918918,19,153,2.45,1.010101,0.660377,N
0.418918918,19,153,2.45,1.010101,0.660377,N
0.418918918,19,153,3.15,1.010101,0.849057,N
0.418918918,19,153,3.15,1.010101,0.849057,N
0.418918918,19,153,3.05,1.010101,0.822102,Y
0.418918918,19,153,3.05,1.010101,0.822102,Y
0.563106796,19,106,2.22,1.388889,1.072464,Y
0.500000000,17,203,1.60,1.162791,0.788177,N
0.500000000,17,203,1.60,2.325581,0.788177,N
0.500000000,17,203,1.80,0.465116,0.886700,N
0.500000000,17,203,2.05,0.697674,1.009852,Y
0.603174603,36,64,3.00,0.952381,1.136364,Y
0.603174603,36,64,2.25,1.428571,0.852273,Y
0.603174603,36,64,1.85,1.904762,0.700758,N
0.529870129,11,392,1.95,1.515152,0.924171,Y
0.500000000,17,203,1.75,1.162791,0.862069,Y
0.500000000,17,203,2.25,0.465116,1.108374,Y
0.575757575,17,460,1.85,0.769231,0.915842,Y
0.680555555,56,76,1.88,0.555556,0.926108,N
0.680555555,56,76,1.89,0.555556,0.931034,Y
0.909090909,54,22,1.80,0.833333,1.040462,Y
0.909090909,54,22,1.58,0.833333,0.913295,Y
0.909090909,54,22,1.77,0.729167,1.023121,N
0.909090909,54,22,1.56,1.041667,0.901734,N
0.909090909,54,22,1.56,0.625000,0.901734,N
0.909090909,54,22,1.33,1.041667,0.768786,Y
0.909090909,54,22,2.14,1.041667,1.236994,N
0.909090909,54,22,1.61,1.041667,0.930636,Y
0.584615384,33,66,1.83,0.952381,0.695817,N
0.575757575,17,460,1.87,0.512821,0.925743,N
0.576744186,17,461,1.74,1.025641,0.861386,N
0.627329192,20,162,1.82,0.925926,0.962963,N
0.627329192,20,162,1.93,1.481481,1.021164,Y
0.576923076,32,32,1.90,0.655738,0.855856,Y
0.617021276,30,95,1.80,0.677966,0.869565,N
0.540540540,18,39,1.88,1.010101,0.854545,N
0.584615384,33,66,1.85,0.952381,0.703422,N
0.542857142,27,76,1.91,1.351351,0.779592,Y
0.542857142,27,76,1.91,1.351351,0.779592,Y
0.542857142,27,76,1.80,1.351351,0.734694,Y
0.542857142,27,76,1.80,1.351351,0.734694,Y
0.542857142,27,76,1.89,0.135135,0.771429,Y
0.542857142,27,76,1.89,0.135135,0.771429,Y
0.695652173,57,24,1.80,0.500000,0.891089,Y
0.537500000,26,166,2.45,0.869565,1.012397,Y
0.537500000,26,166,1.94,0.869565,0.801653,Y
0.537500000,26,166,1.94,1.304348,0.801653,Y
0.537500000,26,166,5.70,0.869565,2.355372,N
0.537500000,26,166,1.94,1.304348,0.801653,Y
0.537500000,26,166,4.40,1.086957,1.818182,N
0.527777777,24,79,3.84,0.416667,1.721973,Y
0.540540540,18,39,2.23,1.010101,1.013636,N
0.833333333,111,18,2.20,1.600000,0.916667,N
0.718750000,50,34,1.85,0.967742,0.911330,N
0.718750000,50,34,1.82,0.967742,0.896552,N
0.718750000,50,34,2.80,0.967742,1.379310,N
0.833333333,111,18,5.00,0.400000,2.083333,N
0.595330739,14,270,1.83,1.428571,0.958115,Y
0.545454545,17,25,2.40,1.000000,0.944882,N
0.545454545,17,25,1.83,1.000000,0.720472,N
0.545454545,17,25,2.50,1.000000,0.984252,Y
0.559322033,15,61,1.85,1.176471,0.994624,N
0.606060606,16,33,1.66,1.149425,0.860104,N
0.606060606,16,33,1.87,0.804598,0.968912,Y
0.625000000,29,24,2.02,0.909091,0.914027,Y
0.625000000,29,24,2.00,0.909091,0.904977,Y
0.619047619,17,21,1.90,0.697674,1.010638,N
0.619047619,17,21,2.00,1.162791,1.063830,Y
0.636363636,26,24,2.17,1.612903,1.085000,N
0.413043478,18,47,1.40,1.568627,0.486111,Y
0.500000000,17,203,2.55,0.697674,1.256158,N
0.584615384,33,66,1.73,2.380952,0.657795,N
0.500000000,17,203,2.00,0.697674,0.985222,Y
0.557303370,18,460,2.10,1.111111,0.913043,N
0.554347826,10,377,1.90,0.750000,1.021505,N
0.554347826,10,377,1.60,1.500000,0.860215,N
0.554347826,10,377,1.85,1.000000,0.994624,N
0.692307692,33,26,1.88,1.034483,1.005348,Y
0.541666666,9,75,1.83,0.416667,1.011050,N
0.541666666,9,75,2.03,0.416667,1.121547,N
0.833333333,111,18,9.30,0.400000,3.875000,N
0.833333333,111,18,2.08,1.600000,0.866667,N
0.833333333,111,18,4.20,0.600000,1.750000,N
0.608695652,18,25,1.98,3.125000,0.994975,N
0.692307692,55,27,1.83,0.526316,0.910448,N
0.689655172,22,31,1.75,1.587302,0.966851,N
0.689655172,22,31,1.52,0.793651,0.839779,N
0.523076923,21,68,1.88,2.000000,0.783333,N
1.000000000,93,2,1.52,0.200000,0.787565,Y
0.700000000,40,31,1.79,1.030928,0.927461,N
0.521276595,15,104,2.02,0.625000,0.901786,Y
0.530364372,18,263,2.02,1.052632,0.885965,Y
0.530364372,18,263,1.80,1.578947,0.789474,N
0.506024096,18,767,1.85,1.666667,0.790598,N
0.506024096,18,767,1.90,1.111111,0.811966,N
0.506024096,18,767,2.10,1.111111,0.897436,N
0.506024096,18,767,4.65,0.555556,1.987179,N
0.506024096,18,767,1.90,0.555556,0.811966,N
0.506024096,18,767,3.85,0.555556,1.645299,N
0.636363636,24,23,1.99,1.041667,1.081522,Y
0.636363636,24,23,1.99,1.041667,1.081522,Y
0.600000000,21,28,1.50,1.012658,0.731707,Y
0.600000000,21,28,2.03,1.012658,0.990244,N
0.692307692,30,56,2.12,1.000000,1.081633,Y
0.692307692,30,56,1.94,1.000000,0.989796,N
0.689655172,47,32,2.00,1.000000,0.938967,Y
0.700000000,40,31,1.70,1.030928,0.880829,Y
0.540322580,16,127,2.35,1.142857,1.129808,Y
0.525641025,6,81,1.60,0.434783,0.888889,Y
0.525641025,6,81,1.52,0.434783,0.844444,Y
0.525641025,6,81,1.56,0.434783,0.866667,Y
0.518855656,10,827,1.79,0.857143,0.824885,Y
0.525641025,6,81,1.57,0.434783,0.872222,Y
0.525641025,6,81,1.85,0.434783,1.027778,N
0.525641025,6,81,1.67,2.173913,0.927778,Y
0.525641025,6,81,1.72,1.304348,0.955556,N
0.525641025,6,81,1.80,0.434783,1.000000,Y
1.000000000,83,5,1.79,0.384615,0.978142,Y
0.580645161,19,108,2.05,1.333333,1.078947,N
0.357798165,15,112,3.25,0.909091,0.967262,Y
0.357798165,15,112,3.50,0.909091,1.041667,N
0.357798165,15,112,3.40,0.909091,1.011905,N
0.357798165,15,112,3.75,0.909091,1.116071,N
0.357798165,15,112,3.20,0.909091,0.952381,N
0.357798165,15,112,3.30,0.909091,0.982143,N
0.647058823,47,35,1.83,1.764706,0.915000,N
0.647058823,47,35,2.85,1.176471,1.425000,Y
0.647058823,47,35,1.85,0.588235,0.925000,Y
0.692307692,30,56,1.93,0.666667,0.984694,Y
0.688524590,35,69,1.91,0.750000,1.015957,Y
0.560975609,21,42,1.86,1.111111,0.861111,N
0.560975609,21,42,2.29,0.888889,1.060185,N
0.569696969,36,177,2.90,0.563380,1.234043,N
0.560975609,21,42,2.05,1.111111,0.949074,N
0.560975609,21,42,3.03,0.666667,1.402778,N
0.597014925,16,75,1.59,1.111111,0.819588,Y
0.597014925,16,75,1.81,0.833333,0.932990,N
0.597014925,16,75,1.56,1.666667,0.804124,N
0.597014925,16,75,1.91,0.833333,0.984536,N
0.729729729,62,37,1.96,1.315789,0.937799,Y
0.729729729,62,37,1.98,1.315789,0.947368,N
0.729729729,62,37,1.72,1.315789,0.822967,Y
0.729729729,62,37,1.80,1.315789,0.861244,N
0.729729729,62,37,4.00,0.789474,1.913876,N
0.586956521,34,98,2.59,1.298701,0.996154,Y
0.586956521,34,98,1.83,1.298701,0.703846,Y
0.586956521,34,98,1.81,1.298701,0.696154,Y
0.586956521,34,98,2.86,1.298701,1.100000,Y
0.520000000,15,81,2.39,0.769231,1.071749,Y
0.593869731,14,275,1.81,0.952381,0.947644,Y
0.559322033,15,61,1.83,1.176471,0.983871,Y
0.559322033,15,61,1.89,1.176471,1.016129,N
0.559322033,15,61,1.86,1.176471,1.000000,Y
0.559322033,15,61,1.83,2.941176,0.983871,N
0.559322033,15,61,1.90,1.176471,1.021505,Y
0.575000000,18,42,1.88,0.545455,0.979167,Y
0.575000000,18,42,1.85,0.545455,0.963542,N
0.769230769,59,41,2.07,1.000000,0.924107,N
0.497116493,11,979,4.14,0.689655,1.792208,N
0.497116493,11,979,1.86,0.689655,0.805195,N
0.497116493,11,979,2.19,1.379310,0.948052,N
0.559322033,15,61,1.85,1.176471,0.994624,Y
0.559322033,15,61,1.88,1.176471,1.010753,Y
0.666666666,53,79,2.02,0.555556,0.995074,Y
0.666666666,53,79,1.90,0.555556,0.935961,Y
0.512820512,12,41,1.84,1.010101,0.836364,Y
0.512820512,12,41,2.02,1.010101,0.918182,Y
0.512820512,12,41,1.94,1.010101,0.881818,N
0.512820512,12,41,1.98,1.010101,0.900000,N
0.567164179,21,144,1.91,0.294118,1.021390,Y
0.512820512,12,41,2.10,1.010101,0.954545,N
0.592000000,20,134,2.30,1.470588,1.090047,Y
0.577464788,31,72,2.83,0.869565,1.114173,N
0.482084690,16,317,1.92,1.076923,0.827586,N
0.482084690,16,317,1.92,1.076923,0.827586,N
0.533333333,16,63,2.30,1.000000,1.036036,Y
0.533333333,16,63,2.10,1.000000,0.945946,N
0.533333333,16,63,2.38,1.000000,1.072072,Y
0.842105263,110,19,3.50,0.588235,1.476793,Y
0.533333333,16,63,2.50,1.000000,1.126126,Y
0.533333333,16,63,2.40,1.000000,1.081081,N
0.654867256,21,347,1.73,0.645161,0.945355,N
0.533333333,16,63,2.50,1.000000,1.126126,N
0.533333333,16,63,2.25,1.000000,1.013514,N
0.533333333,16,63,2.19,1.000000,0.986486,Y
0.533333333,16,63,2.13,1.000000,0.959459,Y
0.533333333,16,63,2.31,1.000000,1.040541,Y
0.533333333,16,63,2.30,1.000000,1.036036,Y
0.533333333,16,63,2.32,1.000000,1.045045,N
0.404255319,14,48,1.70,1.568627,0.598592,N
0.757575757,32,36,1.38,1.041667,0.793103,Y
0.586956521,34,98,1.89,0.909091,0.726923,Y
0.617021276,28,156,1.59,0.588235,0.798995,N
0.617021276,28,156,1.85,0.588235,0.929648,N
0.617021276,28,156,1.69,1.176471,0.849246,Y
0.757575757,32,36,1.81,1.041667,1.040230,N
0.757575757,32,36,1.66,1.041667,0.954023,N
0.757575757,32,36,1.99,1.041667,1.143678,Y
0.586956521,34,98,2.39,1.298701,0.919231,N
0.586956521,34,98,1.81,1.298701,0.696154,N
0.704545454,25,45,1.70,0.769231,0.928962,Y
0.600000000,37,84,2.15,0.833333,0.986239,Y
0.600000000,37,84,2.15,0.833333,0.986239,Y
0.656250000,39,35,2.37,1.000000,1.112676,N
0.497116493,11,979,1.73,1.034483,0.748918,Y
0.393442622,46,63,2.16,1.136364,0.717608,N
0.497116493,11,979,2.10,1.034483,0.909091,N
0.497116493,11,979,1.90,0.689655,0.822511,N
0.497116493,11,979,1.75,0.689655,0.757576,Y
0.333333333,125,3,25.00,1.000000,3.462604,N
0.333333333,125,3,25.00,1.000000,3.462604,N
0.704545454,25,45,2.05,0.384615,1.120219,Y
0.704545454,25,45,1.73,0.384615,0.945355,N
0.648648648,50,39,1.82,1.176471,0.900990,Y
0.250000000,69,4,6.00,1.000000,0.883652,Y
0.250000000,69,4,7.80,1.000000,1.148748,N
0.250000000,69,4,7.70,1.000000,1.134021,N
0.250000000,69,4,5.80,1.000000,0.854197,N
0.250000000,69,4,7.80,1.000000,1.148748,Y
0.586956521,34,98,5.15,0.649351,1.980769,N
0.586956521,34,98,1.94,0.129870,0.746154,N
0.586956521,34,98,1.85,0.129870,0.711538,Y
0.250000000,69,4,6.25,1.000000,0.920471,N
0.250000000,69,4,7.00,1.000000,1.030928,N
0.250000000,69,4,5.75,1.000000,0.846834,Y
0.250000000,69,4,6.00,1.000000,0.883652,N
0.142857142,-4,7,35.00,1.000000,4.441624,N
0.142857142,-4,7,34.00,1.000000,4.314721,N
0.142857142,-4,7,6.50,1.000000,0.824873,N
0.518855656,10,827,2.17,1.428571,1.000000,N
0.390625000,43,64,2.90,0.322581,0.906250,N
0.390625000,43,64,2.02,0.322581,0.631250,Y
0.497536945,15,210,1.79,1.162791,0.881773,Y
0.666666666,26,58,1.90,1.000000,0.969388,N
0.483870967,23,221,6.00,1.076923,2.255639,N
0.483870967,23,221,10.00,0.615385,3.759398,N
0.547814207,17,764,1.98,0.857143,0.912442,N
0.547814207,17,764,2.15,2.000000,0.990783,Y
0.811320754,31,59,1.32,0.869565,0.868421,Y
0.811320754,31,59,1.75,0.869565,1.151316,N
0.811320754,31,59,1.40,0.869565,0.921053,Y
0.811320754,31,59,1.93,0.434783,1.269737,N
0.811320754,31,59,1.49,0.434783,0.980263,Y
0.483870967,23,221,2.12,1.538462,0.796992,N
0.593869731,14,275,1.86,1.428571,0.973822,N
0.577464788,31,72,1.83,0.434783,0.720472,Y
0.577464788,31,72,1.90,0.434783,0.748031,N
0.568421052,29,101,2.51,1.282051,0.972868,Y
0.568421052,29,101,1.89,1.282051,0.732558,Y
0.518855656,10,827,2.11,0.571429,0.972350,Y
0.674418604,46,43,1.91,0.256410,0.913876,Y
0.674418604,46,43,2.00,0.256410,0.956938,Y
0.674418604,46,43,1.80,0.512821,0.861244,N
0.535714285,6,87,1.58,1.304348,0.877778,Y
0.722222222,26,39,1.63,1.041667,0.931429,N
0.722222222,26,39,1.59,1.041667,0.908571,Y
0.722222222,26,39,1.92,1.041667,1.097143,Y
0.625000000,46,43,1.90,0.625000,0.945274,Y
0.614814814,16,274,2.48,1.388889,1.227723,N
0.614814814,16,274,2.15,1.388889,1.064356,N
0.404255319,14,48,3.40,1.568627,1.197183,N
0.404255319,14,48,3.30,1.568627,1.161972,Y
0.404255319,14,48,1.92,1.568627,0.676056,Y
0.404255319,14,48,2.00,1.568627,0.704225,Y
0.625000000,-18,10,1.57,0.333333,0.704036,Y
0.625000000,-18,10,1.95,0.333333,0.874439,Y
0.625000000,-18,10,2.00,0.333333,0.896861,Y
0.625000000,-18,10,2.40,0.333333,1.076233,Y
0.636363636,35,36,3.24,1.000000,1.521127,N
0.584905660,32,112,2.12,1.265823,0.818533,N
0.660714285,25,62,1.94,1.000000,0.989796,N
0.562500000,15,66,1.82,1.176471,0.978495,Y
0.571428571,23,43,2.00,1.111111,0.921659,Y
0.571428571,23,43,2.54,0.888889,1.170507,N
0.542891421,6,1785,1.91,0.188679,0.830435,N
0.686274509,22,52,1.80,1.111111,0.978261,N
0.577011494,17,467,1.57,0.512821,0.777228,Y
0.511111111,10,47,2.20,1.020408,1.013825,N
0.511111111,10,47,2.33,1.020408,1.073733,N
0.625000000,17,51,2.07,1.000000,1.067010,Y
0.625000000,17,51,1.93,1.000000,0.994845,Y
0.625000000,17,51,1.91,1.000000,0.984536,Y
0.727272727,-3,13,1.97,0.400000,0.895455,Y
0.736842105,70,21,2.02,0.967742,0.885965,Y
0.736842105,70,21,1.77,1.290323,0.776316,N
0.583224115,15,778,1.86,0.833333,0.889952,Y
0.679245283,19,54,2.10,0.740741,1.141304,Y
0.679245283,19,54,1.70,0.740741,0.923913,N
0.545454545,7,91,2.14,0.869565,1.195531,Y
0.500000000,103,4,1.88,0.555556,1.032967,Y
0.500000000,103,4,1.83,0.555556,1.005495,Y
0.500000000,103,4,1.76,0.555556,0.967033,Y
0.500000000,103,4,2.00,0.555556,1.098901,Y
0.500000000,103,4,2.17,0.555556,1.192308,Y
0.545454545,7,91,1.79,0.869565,1.000000,Y
0.545454545,7,91,1.81,0.434783,1.011173,N
0.545454545,7,91,1.61,1.304348,0.899441,Y
0.545454545,7,91,1.75,1.304348,0.977654,N
0.545454545,7,91,1.96,0.434783,1.094972,Y
0.545454545,7,91,2.02,0.434783,1.128492,Y
0.622222222,43,48,1.95,0.625000,0.960591,Y
0.674418604,46,43,1.91,1.282051,0.913876,Y
0.674418604,46,43,1.91,1.282051,0.913876,N
0.674418604,46,43,1.82,1.282051,0.870813,N
0.674418604,46,43,1.66,1.282051,0.794258,N
0.674418604,46,43,2.20,1.282051,1.052632,N
0.674418604,46,43,2.37,1.282051,1.133971,Y
0.516129032,-10,34,2.23,2.564103,1.131980,N
0.673913043,45,46,4.25,0.270270,2.033493,N
0.500000000,103,4,2.11,0.555556,1.159341,N
0.571428571,23,43,1.80,1.333333,0.829493,N
0.571428571,23,43,2.58,0.888889,1.188940,Y
0.571428571,23,43,1.95,1.111111,0.898618,Y
0.571428571,23,43,1.95,1.111111,0.898618,Y
0.571428571,23,43,1.97,1.111111,0.907834,N
0.571428571,23,43,1.94,1.111111,0.894009,N
0.545454545,2,37,1.90,1.904762,0.964467,N
0.226415094,-5,53,7.50,1.000000,0.971503,N
0.226415094,-5,53,3.55,1.000000,0.459845,N
0.226415094,-5,53,3.55,1.000000,0.459845,N
0.226415094,-5,53,7.50,1.000000,0.971503,N
0.226415094,-5,53,7.00,1.000000,0.906736,N
0.226415094,-5,53,7.50,1.000000,0.971503,N
0.226415094,-5,53,7.00,1.000000,0.906736,Y
0.226415094,-5,53,6.50,1.000000,0.841969,N
0.226415094,-5,53,7.20,1.000000,0.932642,N
0.226415094,-5,53,7.20,1.000000,0.932642,N
0.226415094,-5,53,7.50,1.000000,0.971503,N
0.226415094,-5,53,9.00,1.000000,1.165803,N
0.226415094,-5,53,6.00,1.000000,0.777202,Y
0.226415094,-5,53,7.00,1.000000,0.906736,N
0.226415094,-5,53,5.40,1.000000,0.699482,N
0.226415094,-5,53,5.40,1.000000,0.699482,N
0.226415094,-5,53,5.50,1.000000,0.712435,N
0.226415094,-5,53,5.50,1.000000,0.712435,N
0.226415094,-5,53,6.50,1.000000,0.841969,N
0.226415094,-5,53,6.50,1.000000,0.841969,N
0.226415094,-5,53,6.50,1.000000,0.841969,N
0.226415094,-5,53,5.50,1.000000,0.712435,N
0.226415094,-5,53,5.50,1.000000,0.712435,N
0.226415094,-5,53,5.75,1.000000,0.744819,N
0.226415094,-5,53,5.90,1.000000,0.764249,N
0.226415094,-5,53,5.50,1.000000,0.712435,N
0.685185185,20,55,1.58,1.111111,0.858696,N
0.685185185,20,55,1.95,0.370370,1.059783,N
0.545454545,2,37,1.84,2.380952,0.934010,N
0.777777777,36,9,1.92,0.769231,1.026738,N
0.542857142,17,72,1.90,0.750000,0.883721,Y
0.600000000,20,20,2.50,0.961538,1.262626,Y
0.648000000,48,130,2.80,1.694915,1.250000,Y
0.648000000,48,130,2.80,1.694915,1.250000,Y
0.590909090,29,99,1.75,1.000000,0.760870,N
0.573529411,14,70,1.83,1.111111,0.983871,Y
0.545454545,28,33,5.50,0.454545,2.191235,N
0.545454545,28,33,2.76,1.060606,1.099602,N
0.577981651,17,468,2.00,0.769231,0.990099,N
0.577981651,17,468,1.76,1.282051,0.871287,N
0.500000000,17,83,3.51,0.833333,1.487288,N
0.814814814,38,27,1.94,1.052632,1.114943,N
0.814814814,38,27,1.77,0.526316,1.017241,N
0.573529411,14,70,1.87,1.111111,1.005376,N
0.573529411,14,70,1.91,1.666667,1.026882,N
0.666666666,73,24,1.80,1.200000,0.705882,Y
0.480519480,15,319,1.75,0.923077,0.754310,Y
0.573529411,14,70,1.86,0.555556,1.000000,N
0.480519480,15,319,1.75,0.923077,0.754310,Y
0.496583143,11,992,3.71,0.689655,1.613043,N
0.675324675,54,81,1.89,0.588235,0.931034,N
0.666666666,73,24,2.05,0.800000,0.803922,Y
0.675324675,54,81,2.33,0.588235,1.147783,N
0.500000000,17,83,1.75,1.666667,0.741525,Y
0.675324675,54,81,1.95,0.588235,0.960591,N
0.542139868,6,1792,1.69,0.188679,0.734783,Y
0.500000000,17,83,1.72,1.666667,0.728814,Y
0.600000000,24,36,1.91,1.000000,0.876147,Y
0.577981651,17,468,1.78,1.025641,0.881188,N
0.577981651,17,468,1.83,1.025641,0.905941,Y
0.411764705,24,18,2.11,0.588235,0.882845,N
0.685185185,20,55,1.95,0.740741,1.059783,N
0.495454545,11,994,1.94,0.689655,0.839827,N
0.685185185,20,55,2.20,0.370370,1.195652,Y
0.502439024,16,212,1.72,0.465116,0.847291,Y
0.502439024,16,212,1.65,0.930233,0.812808,Y
0.502439024,16,212,2.30,0.465116,1.133005,Y
0.666666666,30,16,1.98,1.041667,1.031250,Y
0.477272727,21,224,2.14,1.538462,0.795539,N
0.477272727,21,224,4.00,1.076923,1.486989,N
0.477272727,21,224,1.88,1.538462,0.698885,Y
0.477272727,21,224,2.16,1.538462,0.802974,N
0.494892167,11,995,1.90,1.034483,0.822511,N
0.477272727,21,224,6.50,0.307692,2.416357,N
0.477272727,21,224,6.00,0.769231,2.230483,N
0.640350877,17,117,2.00,0.816327,1.111111,N
0.236363636,4,55,34.00,1.000000,4.409857,N
0.236363636,4,55,28.00,1.000000,3.631647,N
0.236363636,4,55,7.50,1.000000,0.972763,N
0.236363636,4,55,27.00,1.000000,3.501946,N
0.236363636,4,55,5.75,1.000000,0.745785,N
0.236363636,4,55,6.70,1.000000,0.869001,N
0.236363636,4,55,6.75,1.000000,0.875486,N
0.689655172,32,30,1.77,0.833333,0.941489,Y
0.236363636,4,55,5.90,1.000000,0.765240,N
0.236363636,4,55,6.50,1.000000,0.843061,N
0.236363636,4,55,29.00,1.000000,3.761349,N
0.236363636,4,55,25.00,1.000000,3.242542,N
0.236363636,4,55,27.00,1.000000,3.501946,N
0.236363636,4,55,6.00,1.000000,0.778210,N
0.530927835,11,395,1.66,2.121212,0.786730,N
0.545454545,2,37,2.19,2.380952,1.111675,Y
0.545454545,2,37,2.01,2.380952,1.020305,Y
0.545454545,2,37,2.09,2.380952,1.060914,Y
0.500000000,17,83,1.94,0.833333,0.822034,Y
0.785714285,35,28,1.64,0.851064,0.942529,Y
0.530927835,11,395,2.01,0.909091,0.952607,N
0.785714285,35,28,1.53,0.851064,0.879310,Y
0.539007092,17,155,2.00,1.111111,0.925926,Y
0.218750000,-1,66,31.00,1.000000,4.287690,N
0.479452054,9,387,2.14,0.697674,0.845850,N
0.565789473,27,77,1.83,0.869565,0.732000,Y
0.409090909,47,70,1.89,0.697674,0.640678,N
0.218750000,-1,66,17.00,1.000000,2.351314,N
0.218750000,-1,66,10.50,1.000000,1.452282,N
0.519430051,9,830,2.06,0.571429,0.949309,N
0.479638009,22,225,1.91,1.515152,0.712687,N
0.479638009,22,225,1.91,1.515152,0.712687,Y
0.479638009,22,225,4.33,0.606061,1.615672,Y
0.658227848,52,83,1.94,0.588235,0.955665,Y
0.631578947,51,25,7.25,0.370370,2.777778,N
0.631578947,51,25,3.70,0.555556,1.417625,N
0.598870056,15,191,1.84,1.000000,0.958333,Y
0.598870056,15,191,1.93,1.000000,1.005208,N
0.573529411,14,70,1.89,1.666667,1.016129,Y
0.573529411,14,70,1.88,0.555556,1.010753,Y
0.573529411,14,70,1.84,1.666667,0.989247,Y
0.777777777,36,9,1.80,0.769231,0.962567,Y
0.777777777,36,9,1.87,1.538462,1.000000,Y
0.520833333,13,49,1.85,1.136364,0.852535,N
0.494343891,11,998,2.52,1.379310,1.095652,N
0.520833333,13,49,1.95,1.136364,0.898618,N
0.520833333,13,49,1.95,1.136364,0.898618,N
0.520833333,13,49,1.95,1.136364,0.898618,Y
0.542857142,6,1799,1.94,0.188679,0.843478,Y
0.477876106,21,230,3.75,1.060606,1.399254,N
0.477876106,21,230,1.80,1.515152,0.671642,Y
0.666666666,73,24,9.50,0.200000,3.725490,N
0.587412587,15,161,1.94,1.000000,0.994872,Y
0.587412587,15,161,1.89,1.000000,0.969231,N
0.587412587,15,161,2.01,1.000000,1.030769,N
0.587412587,15,161,1.99,1.000000,1.020513,Y
0.587412587,15,161,1.99,1.000000,1.020513,Y
0.587412587,15,161,1.86,1.000000,0.953846,Y
0.587412587,15,161,1.86,1.000000,0.953846,N
0.587412587,15,161,1.90,1.000000,0.974359,Y
0.503649635,18,139,2.66,1.030928,1.051383,N
0.666666666,-1,17,17.00,0.312500,8.173077,N
0.409090909,47,70,5.50,0.232558,1.864407,N
0.725000000,26,44,1.79,1.041667,1.028736,N
0.725000000,26,44,1.58,1.041667,0.908046,Y
0.700000000,26,10,2.99,0.769231,1.598930,Y
0.700000000,26,10,2.39,1.538462,1.278075,N
0.316733067,15,508,6.55,1.086957,1.799451,N
0.526315789,26,21,1.84,1.666667,0.825112,N
0.657142857,30,36,2.00,1.020408,1.047120,N
0.583333333,27,163,1.99,1.142857,0.975490,Y
0.631578947,100,21,1.57,0.357143,0.601533,N
0.583333333,27,163,1.96,1.142857,0.960784,N
0.631578947,100,21,2.08,0.357143,0.796935,N
0.379310344,19,29,2.50,0.980392,0.838926,N
0.580000000,16,104,1.97,0.833333,1.100559,N
0.580000000,16,104,1.59,0.833333,0.888268,Y
0.580000000,16,104,1.76,1.250000,0.983240,N
0.580000000,16,104,2.15,0.416667,1.201117,N
0.580000000,16,104,1.87,0.416667,1.044693,Y
0.580000000,16,104,1.67,0.416667,0.932961,N
0.580000000,16,104,1.98,0.416667,1.106145,N
0.580000000,16,104,1.75,0.833333,0.977654,N
0.580000000,16,104,1.78,0.833333,0.994413,Y
0.580000000,16,104,1.58,1.250000,0.882682,N
0.469827586,19,236,4.33,0.757576,1.597786,N
0.469827586,19,236,5.80,0.757576,2.140221,N
0.469827586,19,236,1.80,1.515152,0.664207,Y
0.469827586,19,236,1.83,1.515152,0.675277,Y
0.469827586,19,236,3.50,1.060606,1.291513,N
0.708333333,42,24,2.02,0.731707,1.025381,N
0.513157894,19,87,2.30,0.833333,0.982906,Y
0.513157894,19,87,2.74,0.833333,1.170940,N
0.622641509,33,53,1.89,1.052632,0.908654,N
0.622641509,33,53,2.02,1.315789,0.971154,N
0.622641509,37,57,1.83,1.250000,0.901478,Y
0.622641509,37,57,1.91,1.250000,0.940887,N
0.514084507,5,145,4.33,0.540541,2.091787,N
0.514084507,5,145,1.89,1.081081,0.913043,Y
0.588235294,37,35,1.94,0.256410,0.847162,Y
0.588235294,37,35,2.07,0.512821,0.903930,Y
0.540229885,16,88,1.73,1.666667,0.711934,Y
0.655737704,25,68,2.01,1.000000,1.025510,Y
0.600000000,-2,22,2.10,0.370370,0.807692,N
0.655737704,25,68,1.95,1.000000,0.994898,Y
0.655737704,25,68,2.01,1.000000,1.025510,N
0.600000000,-2,22,2.20,0.370370,0.846154,N
0.655737704,25,68,2.01,1.000000,1.025510,Y
0.727272727,38,12,1.50,1.666667,0.742574,N
0.576923076,16,475,1.80,1.025641,0.891089,Y
0.558558558,15,228,1.88,1.184211,0.839286,N
0.540229885,16,88,1.86,1.666667,0.765432,N
1.000000000,60,1,2.01,0.200000,1.256250,N
1.000000000,60,1,2.90,1.000000,1.812500,Y
0.619047619,100,23,1.81,0.370370,0.698842,N
0.600000000,47,101,2.26,1.000000,0.918699,N
0.725000000,26,44,1.65,0.208333,0.948276,Y
0.619047619,100,23,4.00,0.370370,1.544402,N
0.619047619,100,23,4.00,0.370370,1.544402,N
0.181818181,55,150,51.00,0.327869,6.666667,N
0.181818181,55,150,6.00,1.639344,0.784314,N
0.181818181,55,150,17.00,0.163934,2.222222,N
0.619047619,100,23,1.90,0.370370,0.733591,Y
0.678571428,77,28,1.91,1.250000,0.743191,N
0.678571428,77,28,3.20,0.416667,1.245136,N
0.438596491,16,58,2.10,1.250000,0.786517,N
0.482200647,15,320,1.98,1.076923,0.853448,N
0.482200647,15,320,3.23,0.615385,1.392241,N
0.482200647,15,320,1.98,1.076923,0.853448,N
0.482200647,15,320,3.23,0.615385,1.392241,N
0.491525423,26,255,1.77,1.081081,0.667925,Y
0.575221238,31,120,2.60,0.632911,0.905923,N
0.575221238,31,120,7.38,0.632911,2.571429,N
0.575221238,31,120,1.89,1.265823,0.658537,N
0.575221238,31,120,2.47,0.632911,0.860627,Y
0.575221238,31,120,1.87,0.632911,0.651568,Y
0.575221238,31,120,1.87,1.265823,0.651568,Y
0.470085470,19,238,2.17,1.060606,0.803704,Y
0.606741573,19,100,1.65,0.697674,0.829146,N
0.430555555,44,77,1.81,0.714286,0.626298,N
0.464285714,-30,30,5.00,3.571429,1.672241,N
0.470085470,19,238,1.85,1.515152,0.685185,Y
0.470085470,19,238,3.25,0.606061,1.203704,Y
0.608695652,6,70,1.72,0.769231,0.934783,N
0.608695652,6,70,2.20,1.153846,1.195652,Y
0.608695652,6,70,2.20,0.769231,1.195652,Y
0.608695652,6,70,1.44,1.923077,0.782609,Y
0.570175438,30,121,2.48,1.265823,0.849315,Y
0.570175438,30,121,1.84,1.265823,0.630137,Y
0.565371024,15,297,1.70,1.666667,0.841584,N
0.565371024,15,297,2.00,1.666667,0.990099,N
0.565371024,15,297,2.03,2.500000,1.004950,Y
0.565371024,15,297,2.14,2.083333,1.059406,N
0.565371024,15,297,1.79,1.666667,0.886139,N
0.565371024,15,297,2.26,2.083333,1.118812,N
0.517241379,6,148,2.40,0.540541,1.153846,Y
0.608695652,6,70,1.44,1.923077,0.782609,Y
0.457627118,15,356,8.04,0.476190,3.011236,N
0.597560975,37,86,1.59,1.694915,0.726027,N
0.597560975,37,86,1.59,1.694915,0.726027,N
0.504761904,16,217,2.25,1.190476,1.113861,Y
0.517241379,6,148,1.57,1.891892,0.754808,N
0.585987261,27,164,2.05,1.142857,1.004902,N
0.585987261,27,164,1.85,0.857143,0.906863,N
0.625000000,18,17,1.79,1.428571,0.895000,Y
0.651515151,25,73,1.86,1.000000,0.948980,Y
0.470085470,19,238,2.78,1.060606,1.029630,Y
0.472803347,20,243,1.80,1.060606,0.664207,Y
0.472803347,20,243,1.80,0.757576,0.664207,N
0.472803347,20,243,1.88,1.515152,0.693727,Y
0.625000000,18,17,1.79,1.428571,0.895000,Y
0.472803347,20,243,1.86,0.757576,0.686347,Y
0.425000000,38,85,1.74,0.500000,0.608392,N
0.450228310,6,4577,2.08,0.465116,0.815686,N
0.720930232,24,47,1.62,1.063830,0.936416,Y
0.720930232,24,47,1.65,1.063830,0.953757,N
0.720930232,24,47,1.72,1.063830,0.994220,Y
0.529411764,11,398,1.90,0.909091,0.900474,N
0.504761904,16,217,4.50,0.238095,2.227723,Y
0.529411764,11,398,2.10,0.303030,0.995261,Y
0.504761904,16,217,3.40,0.476190,1.683168,N
0.570093457,15,111,1.67,1.250000,0.932961,N
0.493785310,10,999,2.20,1.034483,0.956522,N
0.508928571,31,117,1.84,1.515152,0.730159,Y
0.512820512,19,90,2.93,0.833333,1.252137,N
0.512820512,19,90,3.35,0.833333,1.431624,N
0.571428571,30,133,2.01,1.265823,0.674497,N
0.647058823,19,18,2.00,0.714286,1.010101,N
0.619718309,9,72,1.70,0.370370,0.928962,Y
0.647058823,19,18,1.92,0.714286,0.969697,N
0.390243902,-46,43,1.93,2.564103,0.342199,Y
0.619718309,9,72,1.50,1.111111,0.819672,Y
0.512820512,19,90,3.12,0.833333,1.333333,Y
0.517441860,21,188,1.91,1.000000,0.830435,N
0.517441860,21,188,1.84,1.000000,0.800000,Y
0.517441860,21,188,1.71,1.500000,0.743478,Y
0.597560975,37,86,1.92,1.186441,0.876712,Y
0.597560975,37,86,1.92,1.186441,0.876712,Y
0.633802816,21,151,1.48,1.030928,0.770833,N
0.520270270,5,151,2.08,1.351351,1.004831,Y
0.525059665,22,429,1.83,1.030928,0.635417,Y
0.525059665,22,429,4.00,1.030928,1.388889,N
0.525059665,22,429,4.33,1.030928,1.503472,N
0.479508196,21,248,2.66,0.606061,0.988848,N
0.647058823,19,18,1.71,0.714286,0.863636,Y
0.727272727,28,22,1.59,1.086957,0.341935,N
0.727272727,28,22,22.00,0.108696,4.731183,N
0.727272727,28,22,8.00,0.108696,1.720430,N
0.727272727,28,22,1.20,1.086957,0.258065,Y
0.727272727,28,22,1.50,1.086957,0.322581,Y
0.727272727,28,22,1.40,1.086957,0.301075,Y
0.727272727,28,22,1.36,1.086957,0.292473,Y
0.727272727,28,22,5.00,0.108696,1.075269,N
0.727272727,28,22,5.50,0.108696,1.182796,Y
0.479508196,21,248,1.72,1.515152,0.639405,N
0.647058823,19,18,1.85,1.428571,0.934343,N
0.647058823,19,18,1.70,0.714286,0.858586,Y
0.628571428,12,37,1.40,1.538462,0.786517,Y
0.628571428,12,37,2.24,1.538462,1.258427,Y
0.628571428,12,37,1.70,1.538462,0.955056,Y
0.501285347,17,800,2.04,1.111111,0.871795,N
0.501285347,17,800,1.88,0.555556,0.803419,Y
0.501285347,17,800,2.05,1.111111,0.876068,N
0.501285347,17,800,1.77,1.111111,0.756410,Y
0.501285347,17,800,1.83,1.111111,0.782051,N
0.666666666,31,28,1.96,0.549451,1.053763,Y
0.666666666,31,28,1.72,0.549451,0.924731,Y
0.666666666,31,28,1.79,1.098901,0.962366,N
0.574257425,17,119,1.72,0.909091,0.905263,N
0.323076923,5,133,3.75,0.909091,1.109467,N
0.323076923,5,133,4.50,0.909091,1.331361,N
0.323076923,5,133,4.00,0.909091,1.183432,Y
0.323076923,5,133,3.25,0.909091,0.961538,N
0.323076923,5,133,3.40,0.909091,1.005917,Y
0.323076923,5,133,3.50,0.909091,1.035503,N
0.611111111,27,159,1.75,1.176471,0.879397,Y
0.547683923,17,766,1.83,1.142857,0.843318,N
0.601190476,12,178,2.18,1.000000,0.854902,Y
0.601190476,12,178,1.33,1.000000,0.521569,N
0.611111111,53,18,2.18,0.769231,0.947826,Y
0.493670886,26,256,1.80,0.810811,0.679245,N
0.560553633,13,303,1.93,2.083333,0.955446,N
0.560553633,13,303,1.96,1.250000,0.970297,N
0.560553633,13,303,2.04,1.250000,1.009901,Y
0.647058823,19,18,1.85,1.428571,0.934343,N
0.647058823,19,18,1.70,0.714286,0.858586,Y
0.647058823,19,18,1.71,0.714286,0.863636,Y
0.647058823,19,18,1.92,0.714286,0.969697,N
0.647058823,19,18,2.00,0.714286,1.010101,N
0.525059665,22,429,1.91,1.030928,0.663194,Y
0.647058823,19,18,1.63,1.428571,0.823232,N
0.597560975,37,86,1.92,0.847458,0.876712,Y
0.431034482,13,59,2.00,1.228070,0.751880,N
0.597560975,37,86,1.92,0.847458,0.876712,Y
0.611111111,39,37,1.83,1.578947,0.802632,N
0.660377358,52,53,2.35,0.697674,1.063348,N
0.564648117,17,650,1.89,0.222222,0.926471,N
0.571428571,30,133,1.92,1.265823,0.644295,Y
0.571428571,30,133,1.92,1.265823,0.644295,Y
0.571428571,30,133,1.86,1.265823,0.624161,Y
0.507109004,16,218,3.30,1.428571,1.625616,N
0.575163398,20,156,1.93,0.600000,0.932367,N
0.575163398,20,156,1.90,0.600000,0.917874,Y
0.633333333,67,30,1.70,2.127660,0.664062,N
0.571428571,30,133,6.10,1.265823,2.046980,N
0.571428571,30,133,1.81,1.265823,0.607383,N
0.507109004,16,218,2.19,0.476190,1.078818,N
0.576233183,16,480,1.79,1.538462,0.890547,Y
0.633333333,67,30,4.00,0.638298,1.562500,N
0.571428571,30,133,1.88,1.265823,0.630872,N
0.525423728,39,123,1.62,0.714286,0.538206,N
0.525423728,39,123,1.69,0.714286,0.561462,N
0.525423728,39,123,1.72,0.714286,0.571429,Y
0.525423728,39,123,2.40,0.357143,0.797342,N
0.525423728,39,123,1.60,1.785714,0.531561,Y
0.654320987,51,85,1.92,0.588235,0.945813,N
0.481632653,21,249,2.00,0.757576,0.743494,N
0.545454545,17,89,1.42,4.000000,0.586777,N
0.564648117,17,650,2.03,0.222222,0.995098,N
0.545454545,17,89,1.68,1.600000,0.694215,N
0.545454545,17,89,3.00,0.400000,1.239669,N
0.545454545,17,89,2.18,0.400000,0.900826,N
0.633333333,67,30,2.75,0.425532,1.074219,Y
0.542654028,20,442,1.80,1.481481,0.814480,Y
0.573333333,14,77,1.70,0.555556,0.913978,Y
0.573333333,14,77,1.95,1.111111,1.048387,N
0.573333333,14,77,1.84,1.666667,0.989247,Y
0.573333333,14,77,1.77,1.666667,0.951613,Y
0.573333333,14,77,1.93,1.666667,1.037634,Y
0.576233183,16,480,1.86,1.025641,0.925373,Y
0.640000000,21,25,1.80,1.162791,0.391304,Y
0.640000000,21,25,2.55,1.162791,0.554348,N
0.640000000,21,25,21.00,0.116279,4.565217,N
0.640000000,21,25,4.50,0.232558,0.978261,N
0.640000000,21,25,1.40,1.162791,0.304348,N
0.640000000,21,25,1.62,1.162791,0.352174,Y
0.640000000,21,25,1.75,1.162791,0.380435,N
0.640000000,21,25,1.95,1.162791,0.423913,Y
0.640000000,21,25,1.80,1.162791,0.391304,N
0.640000000,21,25,1.29,1.162791,0.280435,Y
0.640000000,21,25,1.62,1.162791,0.352174,Y
0.640000000,21,25,1.42,1.162791,0.308696,Y
0.640000000,21,25,1.50,1.162791,0.326087,Y
0.640000000,21,25,1.73,0.581395,0.376087,N
0.640000000,21,25,1.85,0.581395,0.402174,Y
0.640000000,21,25,1.55,1.162791,0.336957,Y
0.640000000,21,25,2.25,0.581395,0.489130,N
0.640000000,21,25,2.50,0.581395,0.543478,Y
0.640000000,21,25,1.62,1.162791,0.352174,Y
0.640000000,21,25,2.16,0.232558,0.469565,N
0.640000000,21,25,7.30,0.116279,1.586957,N
0.640000000,21,25,5.55,0.232558,1.206522,N
0.640000000,21,25,3.10,0.116279,0.673913,N
0.477732793,20,251,2.15,0.757576,0.799257,Y
0.630136986,9,74,2.04,0.740741,1.120879,N
0.720930232,24,47,2.41,1.063830,1.393064,N
0.493785310,10,999,1.73,1.034483,0.752174,N
0.545454545,17,89,1.92,0.800000,0.793388,N
0.545454545,17,89,2.00,1.200000,0.826446,Y
0.593750000,18,34,1.92,0.888889,0.960000,N
0.593750000,18,34,2.35,1.111111,1.175000,N
0.500000000,7,59,1.94,1.111111,0.906542,Y
0.500000000,7,59,1.91,1.111111,0.892523,N
0.432098765,38,86,1.93,1.250000,0.674825,N
0.695652173,19,50,2.39,1.041667,1.365714,N
0.543297746,6,1805,1.79,0.566038,0.781659,Y
0.540540540,14,283,2.18,1.538462,1.063415,N
0.520270270,5,151,1.66,1.351351,0.801932,Y
0.520270270,5,151,1.91,1.351351,0.922705,Y
0.648648648,28,38,1.68,1.020408,0.879581,Y
0.630136986,9,74,1.64,1.481481,0.901099,N
0.493785310,10,999,2.61,1.034483,1.134783,Y
0.550000000,16,41,1.77,1.463415,0.797297,Y
0.550000000,16,41,1.80,0.731707,0.810811,Y
0.506172839,19,93,2.15,0.833333,0.907173,N
0.501278772,17,804,1.91,1.111111,0.819742,N
0.501278772,17,804,2.00,0.555556,0.858369,N
0.501278772,17,804,1.94,1.111111,0.832618,N
0.501278772,17,804,1.85,2.222222,0.793991,N
0.501278772,17,804,1.83,1.666667,0.785408,Y
0.620689655,22,32,1.81,1.025641,0.887255,N
0.598901098,15,198,1.84,1.000000,0.963351,N
0.598901098,15,198,1.83,1.000000,0.958115,Y
0.598901098,15,198,1.88,1.000000,0.984293,N
0.557377049,13,321,2.42,0.833333,1.192118,Y
0.647058823,19,18,1.63,1.428571,0.823232,N
1.000000000,88,1,2.30,1.000000,1.223404,N
0.548192771,22,172,2.00,0.370370,0.881057,N
0.548192771,22,172,2.25,0.370370,0.991189,Y
0.548192771,22,172,1.90,1.481481,0.837004,N
0.558558558,12,115,1.92,0.416667,1.072626,N
0.558558558,12,115,2.12,4.166667,1.184358,Y
0.565217391,30,146,1.91,1.250000,0.651877,N
0.565217391,30,146,1.91,1.250000,0.651877,N
0.558558558,12,115,1.85,0.833333,1.033520,N
0.677419354,28,33,1.65,0.833333,0.877660,Y
0.677419354,28,33,1.95,1.166667,1.037234,Y
0.623529411,8,86,1.87,1.428571,1.027473,Y
0.525252525,18,218,1.72,1.612903,0.728814,Y
0.428571428,37,89,1.71,0.750000,0.604240,Y
0.428571428,37,89,4.18,0.250000,1.477032,Y
0.428571428,37,89,1.66,1.750000,0.586572,Y
0.600000000,28,55,1.86,0.769231,0.894231,Y
0.506172839,19,93,3.04,0.833333,1.282700,N
0.506172839,19,93,5.85,0.833333,2.468354,N
0.576271186,18,60,1.50,1.351351,0.303030,Y
0.576271186,18,60,1.33,1.351351,0.268687,Y
0.576271186,18,60,26.00,0.135135,5.252525,N
0.576271186,18,60,26.00,0.135135,5.252525,N
0.576271186,18,60,17.00,0.135135,3.434343,N
0.576271186,18,60,1.57,1.351351,0.317172,Y
0.576271186,18,60,1.26,1.351351,0.254545,Y
0.576271186,18,60,1.85,1.351351,0.373737,N
0.576271186,18,60,1.44,1.351351,0.290909,Y
0.576271186,18,60,1.21,1.351351,0.244444,Y
0.576271186,18,60,1.63,1.351351,0.329293,N
0.576271186,18,60,1.44,1.351351,0.290909,Y
0.576271186,18,60,1.73,0.675676,0.349495,Y
0.576271186,18,60,15.00,0.135135,3.030303,N
0.576271186,18,60,1.32,1.351351,0.266667,Y
0.576271186,18,60,1.46,1.351351,0.294949,N
0.477911646,20,253,1.95,1.515152,0.727612,N
0.576271186,18,60,1.80,0.675676,0.363636,Y
0.576271186,18,60,2.65,0.675676,0.535354,Y
0.623529411,8,86,1.57,0.357143,0.862637,N
0.597785977,15,286,2.10,0.937500,1.099476,Y
0.646341463,50,86,1.97,0.588235,0.970443,N
0.646341463,50,86,1.87,0.588235,0.921182,N
0.646341463,50,86,1.84,0.588235,0.906404,Y
0.576271186,18,60,1.80,0.675676,0.363636,Y
0.630952380,9,86,1.77,1.071429,0.977901,Y
0.630952380,9,86,1.87,0.714286,1.033149,N
0.507042253,16,220,1.72,1.666667,0.847291,Y
0.529801324,7,154,1.80,1.315789,0.869565,Y
0.576271186,18,60,1.91,0.675676,0.385859,Y
0.576271186,18,60,1.61,0.675676,0.325253,Y
0.431034482,13,59,1.54,1.228070,0.578947,N
0.431034482,13,59,3.59,1.228070,1.349624,N
0.590909090,11,23,1.60,1.538462,0.812183,Y
0.590909090,11,23,1.78,1.538462,0.903553,Y
0.590909090,11,23,1.78,1.538462,0.903553,Y
0.431034482,13,59,2.63,1.228070,0.988722,N
0.607843137,25,61,1.77,1.428571,0.838863,Y
0.607843137,25,61,1.77,1.428571,0.838863,Y
0.607843137,25,61,1.63,0.714286,0.772512,Y
0.590909090,11,23,1.77,1.538462,0.898477,N
0.590909090,11,23,1.77,0.769231,0.898477,Y
0.590909090,11,23,1.77,0.769231,0.898477,Y
0.696969696,32,35,2.03,0.833333,1.085561,Y
0.573248407,20,161,1.93,0.600000,0.932367,N
0.540540540,14,283,1.84,1.282051,0.897561,Y
0.530701754,20,245,2.35,1.388889,1.063348,Y
0.576271186,18,60,1.62,0.675676,0.327273,Y
0.576271186,18,60,1.85,0.270270,0.373737,Y
0.576271186,18,60,1.84,0.270270,0.371717,Y
0.576271186,18,60,1.83,0.270270,0.369697,N
0.477911646,20,253,1.66,0.757576,0.619403,Y
0.576271186,18,60,1.29,1.351351,0.260606,Y
0.576271186,18,60,2.40,1.351351,0.484848,Y
0.476000000,19,254,1.92,1.212121,0.716418,Y
0.430232558,35,92,2.38,0.256410,0.846975,Y
0.476000000,19,254,2.72,0.757576,1.014925,Y
0.476000000,19,254,2.00,1.515152,0.746269,N
0.430232558,35,92,1.83,0.769231,0.651246,N
0.476000000,19,254,2.93,1.515152,1.093284,N
0.476000000,19,254,4.00,0.757576,1.492537,N
0.430232558,35,92,1.80,0.769231,0.640569,Y
0.587500000,17,83,1.81,0.526316,0.973118,Y
0.587500000,17,83,1.81,1.578947,0.973118,N
0.587500000,17,83,1.88,0.526316,1.010753,N
0.587500000,17,83,1.92,1.578947,1.032258,N
0.587500000,17,83,1.85,1.578947,0.994624,Y
0.476000000,19,254,6.50,1.515152,2.425373,N
0.476000000,19,254,11.00,1.515152,4.104478,N
0.476000000,19,254,9.00,0.606061,3.358209,N
0.476000000,19,254,1.90,1.515152,0.708955,N
0.521276595,10,95,1.76,0.400000,0.745763,Y
0.521276595,10,95,1.85,0.400000,0.783898,N
0.595238095,35,88,1.95,1.166667,0.898618,N
0.595238095,35,88,1.95,1.166667,0.898618,N
0.656716417,26,74,2.12,1.000000,1.081633,N
0.460784313,20,104,1.68,0.943396,0.636364,N
0.460784313,20,104,1.92,1.132075,0.727273,Y
0.606060606,54,33,4.35,0.638298,1.719368,N
0.606060606,54,33,1.73,1.702128,0.683794,Y
0.590909090,11,24,1.80,0.769231,0.913706,Y
0.576496674,16,485,1.87,1.282051,0.930348,N
0.606060606,54,33,6.00,0.425532,2.371542,N
0.493258426,10,1005,2.02,0.689655,0.878261,N
0.590909090,11,24,3.38,0.769231,1.715736,N
0.590909090,11,24,2.14,1.538462,1.086294,Y
0.518087855,9,834,1.76,0.571429,0.811060,N
0.705882352,33,36,1.70,1.355932,0.904255,N
0.403225806,4,63,3.20,1.403509,1.212121,Y
0.403225806,4,63,2.16,1.403509,0.818182,N
0.403225806,4,63,2.36,1.403509,0.893939,Y
0.403225806,4,63,2.21,1.403509,0.837121,N
0.403225806,4,63,3.41,1.403509,1.291667,N
0.403225806,4,63,3.35,1.403509,1.268939,Y
0.403225806,4,63,1.67,1.403509,0.632576,Y
0.403225806,4,63,1.79,1.403509,0.678030,Y
0.403225806,4,63,1.77,1.403509,0.670455,Y
0.403225806,4,63,4.80,1.403509,1.818182,N
0.403225806,4,63,4.40,1.403509,1.666667,Y
0.403225806,4,63,1.64,1.403509,0.621212,N
0.591397849,2,95,1.97,0.689655,1.070652,Y
0.591397849,2,95,1.40,1.724138,0.760870,Y
0.591397849,2,95,2.05,0.344828,1.114130,Y
0.403225806,4,63,1.89,1.403509,0.715909,Y
0.583333333,50,36,1.80,1.276596,0.700389,N
0.747474747,55,107,2.30,1.000000,1.167513,N
0.617647058,11,37,1.81,0.714286,0.937824,Y
0.617647058,11,37,1.89,0.714286,0.979275,N
0.469230769,16,264,1.84,1.492537,0.669091,N
0.469230769,16,264,6.00,0.746269,2.181818,N
0.469230769,16,264,7.00,0.746269,2.545455,N
0.469230769,16,264,2.25,0.895522,0.818182,Y
0.488095238,15,98,1.95,0.833333,0.809129,N
0.607142857,28,56,1.86,1.315789,0.898551,N
0.607142857,28,56,1.72,1.315789,0.830918,N
0.607142857,28,56,2.15,1.315789,1.038647,Y
0.502304147,16,224,1.80,0.476190,0.882353,N
0.488095238,15,98,1.85,0.833333,0.767635,N
0.616161616,18,100,29.00,0.140845,7.455013,N
0.616161616,18,100,26.00,0.140845,6.683805,N
0.616161616,18,100,1.57,0.704225,0.403599,Y
0.616161616,18,100,1.40,1.408451,0.359897,Y
0.488095238,15,98,2.61,0.833333,1.082988,N
0.616161616,18,100,6.50,0.140845,1.670951,N
0.616161616,18,100,2.88,1.408451,0.740360,N
0.616161616,18,100,1.36,1.408451,0.349614,N
0.451612903,36,99,1.82,1.282051,0.657040,N
0.488095238,15,98,2.62,0.833333,1.087137,N
0.616161616,18,100,1.40,1.408451,0.359897,Y
0.616161616,18,100,1.60,1.408451,0.411311,Y
0.616161616,18,100,1.45,1.408451,0.372751,Y
0.616161616,18,100,1.40,1.408451,0.359897,Y
0.616161616,18,100,1.22,1.408451,0.313625,Y
0.616161616,18,100,1.73,1.408451,0.444730,Y
0.616161616,18,100,1.53,1.408451,0.393316,Y
0.616161616,18,100,2.00,0.704225,0.514139,Y
0.616161616,18,100,1.57,1.408451,0.403599,N
0.616161616,18,100,1.55,1.408451,0.398458,Y
0.616161616,18,100,1.63,1.408451,0.419023,Y
0.685714285,28,37,2.00,0.833333,1.069519,Y
0.616161616,18,100,1.33,1.408451,0.341902,N
0.616161616,18,100,2.18,0.704225,0.560411,Y
0.616161616,18,100,1.91,1.408451,0.491003,Y
0.616161616,18,100,1.76,0.704225,0.452442,Y
0.616161616,18,100,31.00,0.140845,7.969152,N
0.616161616,18,100,28.00,0.140845,7.197943,N
0.616161616,18,100,1.91,1.267606,0.491003,Y
0.616161616,18,100,1.60,1.408451,0.411311,N
0.616161616,18,100,1.94,0.704225,0.498715,N
0.616161616,18,100,1.73,1.267606,0.444730,N
0.603960396,16,102,1.44,1.267606,0.371134,N
0.543260741,6,1818,1.65,0.384615,0.720524,Y
0.611111111,10,39,1.81,0.714286,0.937824,N
0.611111111,10,39,1.89,0.714286,0.979275,Y
0.535483870,8,158,1.85,1.315789,0.898058,N
0.611111111,10,39,1.90,0.714286,0.984456,N
0.687500000,18,52,1.80,1.041667,1.022727,N
0.687500000,18,52,1.92,1.041667,1.090909,Y
0.612903225,19,62,1.61,1.714286,0.842932,Y
0.607843137,17,103,8.00,0.142857,2.072539,Y
0.607843137,17,103,27.00,0.142857,6.994819,N
0.607843137,17,103,26.00,0.142857,6.735751,N
0.607843137,17,103,27.00,0.142857,6.994819,N
0.583333333,50,36,5.00,0.425532,1.945525,N
0.583333333,50,36,4.50,0.425532,1.750973,N
0.583333333,50,36,1.73,1.702128,0.673152,Y
0.607843137,17,103,1.91,0.714286,0.494819,Y
0.607843137,17,103,1.95,0.714286,0.505181,Y
0.607843137,17,103,34.00,0.142857,8.808290,Y
0.607843137,17,103,11.00,0.142857,2.849741,Y
0.607843137,17,103,30.00,0.142857,7.772021,N
0.607843137,17,103,11.00,0.142857,2.849741,N
0.607843137,17,103,11.00,0.142857,2.849741,Y
0.607843137,17,103,10.00,0.285714,2.590674,N
0.607843137,17,103,33.00,0.142857,8.549223,N
0.607843137,17,103,11.00,0.142857,2.849741,N
0.583333333,50,36,5.50,0.425532,2.140078,N
0.611111111,10,39,1.94,0.714286,1.005181,N
0.526582278,10,402,1.67,0.909091,0.791469,Y
0.611650485,17,104,1.91,0.704225,0.498695,N
0.611650485,17,104,2.00,0.704225,0.522193,Y
0.520408163,11,99,1.78,0.400000,0.757447,Y
0.600000000,17,106,2.76,1.428571,0.709512,N
0.611111111,10,39,1.85,0.714286,0.958549,N
0.611111111,10,39,1.88,0.714286,0.974093,N
0.543103448,12,120,1.85,2.000000,1.027778,Y
0.619047619,20,63,2.56,0.571429,1.340314,Y
0.694444444,30,38,1.80,1.000000,0.962567,N
0.462406015,14,270,1.87,1.515152,0.670251,Y
0.462406015,14,270,1.72,1.515152,0.616487,Y
0.580357142,21,115,2.09,0.600000,1.000000,Y
0.675675675,27,39,1.83,1.333333,0.978610,N
0.546218487,12,124,1.88,0.400000,1.044444,N
0.546218487,12,124,1.83,0.400000,1.016667,N
0.546218487,12,124,1.94,0.400000,1.077778,Y
0.546218487,12,124,1.80,2.000000,1.000000,N
0.593220338,25,59,1.83,1.282051,0.888350,Y
0.593220338,25,59,1.80,0.769231,0.873786,Y
0.593220338,25,59,2.00,0.769231,0.970874,Y
0.593220338,25,59,1.90,0.769231,0.922330,Y